000000000000000000000000000000000000
000000000000000000000000000000000000
000000000000000000000000000000000000
000000000000000000000000000000000000
000000000000000000000000000000000000
000000000000000000000000000000000000
000000000000000000000000000000000000
000000000000000000000000000000000000
000000000000000000000000000000000000
000000000000000000000000000000000000
000000000000000000000000000000000000
000000000000000000000000000000000000
000000000000000000000000000000000000
000000000000000000000000000000000000
000000000000000000000000000000000000
000000000000000000000000000000000000
000000000000000000000000000000000000
110000000000000000000000000000000000
110000000000000000000000000000000001
111000000000000000000000000000000001
111000000000011111100000000000000001
111000000011111111110100000000000011
111000011111111111111000000000000111
111100111111111111111010000000000111
111111111111111111111110000000001111
111111111111111111111110000000001111
111111111111111111111111100100111111
111111111111111111111111111111111111
111111111111111111111111111111111111
000000000000000000000000000000000000
000000000000000000000000000000000000
000000000000000000000000000000000000