000000000000000011111100001000000000
000000000000000111111000001100000000
000000000001101111110000001100000000
000000000011111111111000001110000000
000000000011111111111100001111000000
000000001111111111111111011111000000
000000011111111111111111111111000000
000000011111111111111111111111100000
000000111111111111111111111111110000
000111111111111111111111111111111000
001111111111111111111011111111111000
011111111111111111111111111111111100
011111111111111111111111111111111100
111111111111111111111111111111111110
011111111111111111111111111111111111
011111111111111111111111111111111110
011111111111111111111111111111111110
001111111111111111111111111111111111
001111111111111111111111111111111110
000111111111111111111111111111111110
000111111111100000011111111111111110
000111111100000000001011111111111100
000111100000000000000111111111111000
000011000000000000000101111111111000
000000000000000000000001111111110000
000000000000000000000001111111110000
000000000000000000000000011011000000
000000000000000000000000000000000000
000000000000000000000000000000000000
000000000000000000000000000111000000
000000000000000000000000000111000000
000000000000000000000000000010000000