000000000000000000000000000000000000
000000000000000000000000000100000000
000000000000000000000000000100000000
000000000000000000000000000110000000
000000000000000000000000000111000000
000000000000000000000000000111000000
000000000000000000000000000111000000
000000000000000000000000000111100000
000000000000000000000000000111110000
000000000000000000000000000111111000
000000000000000000000000000111111000
000000000000000000000000000111111100
000000000000000000000000000011111100
000000000000000000000000000011111110
000000000000000000000000000111111111
000000000000000000000000000111111110
000000000000000000000000000111111110
000000000000000000000000000011111111
000000000000000000000000001111111110
000000000000000000000000000111111110
000000000000000000000000001111111110
000000000000000000000000000011111100
000000000000000000000000000111111000
000000000000000000000000000111111000
000000000000000000000000000111110000
000000000000000000000000111111110000
000000000000000000000000011011000000
000000000000000000000000000000000000
000000000000000000000000000000000000
000000000000000000000000000000000000
000000000000000000000000000000000000
000000000000000000000000000000000000