000000000000000000000000000000000000
000000000000000000000000000000000000
000000000000000000000000000000000000
000000000000000000000000000000000000
000000000000000000000000000001000000
000000000000000000000000000001000000
000000000000000000000000000001000000
000000000000000000000000000001100000
000000000000000000000000000000010000
000000000000000000000000000000001000
000000000000000000000000000000001000
000000000000000000000000000000000100
000000000000000000000000000000000100
000000000000000000000000000000000010
000000000000000000000000000000000111
000000000000000000000000000000000110
000000000000000000000000000000000110
000000000000000000000000000000000111
000000000000000000000000000000000110
000000000000000000000000000000000110
000000000000000000000000000000011110
000000000000000000000000000000111100
000000000000000000000000000000111000
000000000000000000000000000000111000
000000000000000000000000000001110000
000000000000000000000000111111110000
000000000000000000000000011011000000
000000000000000000000000000000000000
000000000000000000000000000000000000
000000000000000000000000000000000000
000000000000000000000000000000000000
000000000000000000000000000000000000